# Arri Zeiss Master Prime T1.3 50mm
#
# Patent: DE102005025204
# Converted from photonstophotos.net Optical Bench data
# 24 surfaces, 12 glass elements, f/1.3

name: Arri Zeiss Master Prime T1.3 50mm
focal_length: 49.99

surfaces:
# radius       thickness    ior      abbe     semi_ap   coating
  -290.0700      4.0000       1.48751  70.40    62.880    1
  50.1190        16.2000      1.00000  0.00     59.850    0
  -122.3200      7.5000       1.75528  27.58    59.910    1
  -70.7950       11.7000      1.00000  0.00     59.910    0
  -52.7080       4.1000       1.65416  39.63    61.630    1
  -658.7900      1.3000       1.00000  0.00     65.660    0
  434.0100       18.0000      1.52875  76.97    69.930    1
  -60.4300       0.3000       1.00000  0.00     69.930    0
  78.8630        15.4000      1.49702  81.54    66.960    1
  -196.6800      10.3610      1.00000  0.00     66.960    0
  46.6390        16.7000      1.72005  43.69    55.040    1
  -143.3000      4.0000       1.65416  39.63    51.550    1
  103.6600       1.0000       1.00000  0.00     46.630    0
  92.4896        4.0000       1.71743  29.62    41.490    1
  31.6230        9.3200       1.00000  0.00     35.120    0
  stop           7.0000       1.00000  0.00     32.915    0
  -31.8510       4.0000       1.67276  32.21    31.850    1
  114.6500       3.5600       1.00000  0.00     33.230    0
  -170.3100      7.3000       1.74104  52.64    34.040    1
  -47.3150       0.2000       1.00000  0.00     35.860    0
  202.4200       7.5000       1.52857  76.97    36.910    1
  -74.4520       0.2000       1.00000  0.00     36.910    0
  69.7830        10.4000      1.49702  81.54    36.080    1
  -82.9370       36.0040      1.00000  0.00     36.080    0
