# Canon EF200-400mm f4L IS USM Extender 1x
#
# Patent: EP2664955
# Converted from photonstophotos.net Optical Bench data
# 44 surfaces, 24 glass elements, f/4.1

name: Canon EF200-400mm f4L IS USM Extender 1x
focal_length: 205.00

surfaces:
# radius       thickness    ior      abbe     semi_ap   coating
  304.9700       8.1600       1.48749  70.20    100.060   1
  -999.2670      0.3000       1.00000  0.00     99.550    0
  299.6090       3.5500       1.80610  33.30    97.750    1
  127.0500       0.1100       1.00000  0.00     94.890    0
  127.9070       12.0300      1.43387  95.10    94.900    1
  3844.9660      0.6000       1.00000  0.00     94.240    0
  121.0440       11.0800      1.49700  81.50    91.580    1
  942.7570       43.0200      1.00000  0.00     90.130    0
  156.3560       6.5600       1.90366  31.30    48.100    1
  -98.9550       2.3000       1.69680  55.50    47.350    1
  80.3780        3.1400       1.00000  0.00     43.000    0
  488.4800       2.1000       1.69680  55.50    42.640    1
  50.6270        5.4300       1.90366  31.30    40.640    1
  299.3990       2.1200       1.00000  0.00     39.910    0
  -162.5800      2.0000       1.83481  42.70    39.750    1
  89.9930        5.1700       1.00000  0.00     38.580    0
  -74.3800       1.9500       1.83481  42.70    38.560    1
  1006.2170      25.5700      1.00000  0.00     39.590    0
  -1013.6000     4.2300       1.49700  81.50    41.740    1
  -100.1980      0.1500       1.00000  0.00     42.420    0
  162.4230       4.4300       1.49700  81.50    43.430    1
  -274.3690      0.1500       1.00000  0.00     43.590    0
  82.5850        2.2000       1.90366  31.30    43.760    1
  53.3090        6.6900       1.49700  81.50    42.870    1
  1003.6670      38.3300      1.00000  0.00     42.710    0
  -65.9840       2.0000       1.76182  26.50    39.890    1
  -97.8010       17.7500      1.00000  0.00     40.560    0
  102.5730       5.9600       1.59282  68.60    42.270    1
  -127.0440      4.2500       1.00000  0.00     42.050    0
  stop           22.1500      1.00000  0.00     39.750    0
  139.4200       3.1700       1.80610  33.30    31.010    1
  -139.4200      1.5500       1.51633  64.10    30.840    1
  57.9430        3.2700       1.00000  0.00     30.010    0
  -131.6730      1.5000       1.65160  58.50    30.010    1
  71.9970        3.6800       1.00000  0.00     30.350    0
  81.1680        4.0700       1.62299  58.20    31.950    1
  -120.6650      0.1500       1.00000  0.00     32.100    0
  174.4620       3.0400       1.62299  58.20    32.110    1
  -122.9810      1.1000       1.00000  0.00     32.030    0
  -65.5410       1.6000       1.80610  33.30    31.980    1
  431.4700       45.3800      1.00000  0.00     32.270    0
  67.6520        7.3700       1.57501  41.50    41.710    1
  -105.4780      2.0000       1.88300  40.80    41.480    1
  435.7430       68.4900      1.00000  0.00     41.340    0
